P = [
    1000 -250             250*sqrt(3)       500;
    0    500*(sqrt(3)-.5) 500*(1+sqrt(3)/2) 500;
    0    -.5              sqrt(3)/2         1
];

f = 1000; x0 = 500; y0 = 500; s = 0; gamma = 1;
K = [
    gamma*f s*f x0;
    0       f   y0;
    0       0   1
];

p1 = [0 0 1]';
p2 = [0 1000 1]';
p3 = [1000 0 1]';
p4 = [1000 1000 1]';
p5 = [500 500 1]';

n_p1 = K\p1;
n_p2 = K\p2;
n_p3 = K\p3;
n_p4 = K\p4;
n_p5 = K\p5;
