e2x = [0 0 2; 0 0 -2; -2 2 0];
A = [1 1 1; 0 2 0; 0 0 1];
E2 = [2 2 0]';
E1 = [-1 -1 0]';

F = e2x*A

a = F*E1
b = F*E2


