F = [0 1 1; 1 0 0; 0 1 1];
P1 = [1 0 0 0; 0 1 0 0; 0 0 1 0];
P2 = [-1 0 0 -1; 0 2 2 0; -1 0 0 1];

x1 = [1 2 3]';
x2 = [3 2 1]';
e2 = [-1 0 1]';

e2x = [0 -1 0; 1 0 1; 0 -1 0];
e2x*F;

x11 = P1*[x1; 1];
x21 = P1*[x2; 1];

x12 = P2*[x1; 1];
x22 = P2*[x2; 1];

% epip const
x12'*F*x11
x22'*F*x21